1 5 
3 13 
4 7 13 19 
5 10 15 
7 10 14 53 
10 19 
11 13 
12 13 
13 15 
14 
15 
17 19 
19 50 
21 25 29 31 33 57 
25 
29 
31 
33 43 
34 38 43 46 48 65 
37 43 44 
38 48 
40 42 43 
41 69 
42 
43 
44 50 
45 72 
46 
48 58 
50 
53 55 63 74 
54 75 
55 58 71 
56 81 
57 66 74 
58 
59 72 
60 64 68 75 83 89 100 101 103 
62 72 74 
63 
64 72 
65 68 72 73 74 77 83 100 103 
66 68 103 
67 74 75 
68 72 75 86 87 99 
69 75 86 87 99 
71 73 77 
72 
73 99 
74 75 101 
75 76 80 85 
76 78 79 
77 81 82 87 99 
78 
79 
80 
81 84 88 
82 83 100 103 
83 86 
84 87 
85 95 
86 88 90 92 94 100 103 104 
87 89 92 94 100 102 103 
88 99 
89 97 99 
90 99 
91 95 
92 97 100 101 103 104 
93 94 95 105 
94 95 96 99 
95 104 106 107 
96 
97 
99 100 103 
100 
101 
102 
103 
104 
105 
106 
107 
