1 7 9 15 20 23 25 29 
2 6 
4 11 15 29 
6 8 10 11 16 25 
7 
8 24 214 
9 
10 
11 
15 
16 
19 25 29 
20 
22 187 
23 
24 
25 
29 
32 52 
35 37 40 
36 41 61 
37 38 
38 40 41 
39 51 
40 
41 43 49 
43 
48 49 51 62 
49 
51 52 
52 
54 67 
55 58 
56 73 
57 67 73 
58 59 
59 73 
60 69 73 
61 73 
62 71 73 74 
64 67 69 76 198 
65 67 69 76 
67 70 
69 
70 
71 
73 76 
74 
76 
77 80 
78 80 90 
80 83 99 
81 95 
82 83 86 90 97 
83 
84 85 86 100 
85 
86 90 
88 90 95 
90 97 142 
92 97 
95 
97 170 
99 
100 
101 120 
102 104 105 109 113 
103 104 118 190 
104 106 110 
105 120 
106 112 
108 118 
109 111 124 
110 
111 
112 
113 
114 117 118 
117 188 
118 
120 123 
123 
124 
125 126 134 136 139 156 
126 127 144 
127 181 
130 134 144 
132 149 
134 136 140 144 145 
135 136 140 192 
136 137 139 
137 149 200 
138 149 
139 140 144 
140 142 
141 155 200 
142 
143 147 149 200 
144 197 
145 148 154 156 
147 151 
148 
149 153 
151 
152 155 
153 
154 200 
155 156 181 189 197 
156 
158 186 
160 190 
161 178 
162 169 
163 170 
164 184 187 197 
165 170 176 197 198 
167 169 170 189 
168 170 171 179 181 184 
169 170 172 186 223 
170 171 174 216 218 
171 177 200 
172 
173 177 200 
174 192 197 
175 178 
176 178 
177 
178 186 191 
179 
181 207 224 
183 190 
184 191 
185 192 
186 191 197 221 
187 207 
188 190 191 
189 191 192 216 
190 191 193 
191 192 195 
192 198 221 
193 
194 198 
195 
197 199 203 208 211 214 215 217 218 219 220 224 
198 
199 221 225 
200 201 207 208 210 216 219 220 221 222 225 
201 224 
202 223 
203 204 
204 
205 208 223 
206 208 221 
207 
208 224 
209 223 
210 224 
211 225 
212 223 
213 223 
214 
215 221 
216 
217 221 223 
218 
219 
220 
221 223 
222 223 
223 224 
224 
225 
