0 18 
1 11 14 
2 11 16 17 
3 6 25 
4 55 
6 18 
7 245 
9 18 
10 245 
11 20 
12 14 58 
13 18 
14 20 
15 30 55 
16 
17 
18 22 35 36 
19 21 
20 25 
21 23 25 167 
22 
23 25 55 
25 27 
26 30 
27 
29 245 
30 
35 
36 45 
37 51 55 
39 43 51 63 
40 47 245 
42 43 63 
43 44 46 57 62 
44 45 
45 46 50 
46 
47 49 57 
48 49 52 
49 
50 
51 52 53 54 
52 55 
53 54 55 
54 
55 57 133 
57 245 
58 
59 336 
60 245 
62 
63 
64 245 
93 403 
115 245 
133 
139 145 168 
140 141 144 145 154 
141 151 153 171 
142 149 150 288 
143 152 170 172 
144 149 150 156 
145 156 
146 155 157 170 336 
149 174 175 
150 
151 152 154 155 
152 
153 154 157 177 
154 158 166 
155 
156 
157 
158 170 200 
159 161 173 
161 162 176 
162 163 165 170 
163 190 197 
165 168 177 
166 
167 169 174 
168 
169 170 
170 174 
171 
172 
173 
174 
175 196 
176 
177 275 282 
178 182 189 191 192 
179 182 195 
181 187 206 212 
182 186 198 
185 187 188 194 213 
186 190 207 210 
187 188 211 213 
188 
189 254 269 
190 199 211 
191 
192 
193 195 196 
194 197 201 
195 213 
196 213 
197 200 208 
198 199 
199 203 
200 213 
201 
203 204 212 
204 223 241 
206 
207 
208 
210 
211 
212 
213 
214 219 
215 249 
216 234 245 259 
217 226 227 232 239 240 249 
218 227 236 241 245 249 
219 236 241 245 249 254 282 
220 244 245 249 
221 244 245 254 
222 294 311 
223 224 226 238 243 
224 245 
225 226 234 238 243 252 254 
226 239 241 245 249 
227 
228 238 
229 236 238 241 245 249 282 
230 236 
231 245 258 282 
232 245 
233 247 248 
234 
235 240 245 
236 238 
237 242 
238 239 241 245 249 266 
239 242 
240 
241 
242 245 
243 
244 
245 247 252 352 
247 273 
248 
249 252 272 
250 254 257 270 272 273 403 
251 257 263 266 273 281 
252 258 403 
254 255 257 258 259 260 267 268 273 278 
255 
256 258 259 283 
257 259 260 261 272 274 280 283 
258 
259 260 403 
260 261 283 
261 
262 266 281 283 
263 
264 266 
265 266 345 
266 277 282 
267 
268 
269 273 
270 273 
271 272 273 
272 275 281 
273 274 275 277 279 282 344 
274 
275 
277 
278 
279 
280 
281 
282 
283 
285 298 300 303 338 
286 291 297 298 308 
287 288 314 335 
288 289 290 291 293 295 296 298 299 300 301 304 306 312 313 319 
289 338 
290 
291 303 306 308 314 338 
292 338 
293 
294 308 378 
295 307 308 335 
296 308 314 316 333 
297 308 309 311 314 
298 309 314 
299 314 316 
300 308 
301 316 
302 308 
303 307 
304 308 317 
305 308 316 
306 
307 308 
308 309 312 319 412 
309 336 
311 314 
312 
313 314 
314 319 
316 317 
317 
319 
320 323 327 338 351 
321 323 338 351 353 354 
322 323 327 343 351 
323 325 326 328 336 337 338 339 341 342 343 345 352 353 
324 339 
325 327 338 351 353 354 
326 327 338 353 354 
327 329 331 333 334 335 352 
328 330 338 350 351 353 354 391 
329 338 
330 336 342 354 
331 336 338 353 354 
332 335 336 338 341 
333 338 351 354 
334 338 351 353 354 
335 346 349 
336 337 340 344 391 396 
337 338 339 
338 339 340 342 343 344 346 348 350 351 352 
339 343 
340 345 
341 343 346 351 
342 349 353 354 
343 345 
344 
345 346 
346 
348 
349 
350 
351 
352 362 
353 
354 
357 359 362 367 368 
358 362 384 417 
359 363 
360 368 384 
361 363 364 
362 363 376 
363 364 367 
364 367 376 
365 368 
366 368 383 
367 368 
368 369 370 371 372 373 374 375 376 377 380 381 382 384 386 395 403 412 
369 
370 
371 
372 
373 
374 
375 
376 412 
377 
378 
380 
381 
382 
383 384 403 410 
384 412 
386 
388 412 
389 393 
390 402 412 
391 408 
392 412 
393 395 412 417 418 
394 412 
395 
396 408 
398 412 
399 403 412 
400 411 
402 403 410 411 
403 
404 411 
405 410 411 
406 412 
407 408 411 
408 416 
410 418 
411 412 413 416 418 
412 414 
413 418 
414 
416 
417 
418 
